C_filter7774 = 0.7;
C_filter6370 = 0.76;
C_filter5620 = 0.0633;
